0.054495102
0.256523852
-0.054495102
-0.256523852
-0.012575793
0.059197812
0.054495102
0.059197812
0
-0.059197812
-0.054495102
-0.059197812
0.012575793
0.256523852
0.012575793
-0.059197812
-0.054495102
-0.059197812
0.012575793
0.256523852
0.012575793
-0.059197812
-0.054495102
-0.059197812
0
0.059197812
0.012575793
0
-0.012575793
-0.059197812
-0.004191931
0.059197812
0.004191931
0
-0.004191931
-0.059197812
-0.004191931
0.019732604
0.012575793
0.059197812
-0.012575793
-0.256523852
-0.012575793
0.059197812
0.054495102
-0.059197812
-0.054495102
-0.256523852
-0.004191931
0.059197812
-0.004191931
-0.019732604
-0.012575793
-0.019732604
0.012575793
0.059197812
0.012575793
-0.059197812
-0.054495102
-0.059197812
0.054495102
0.256523852
-0.012575793
-0.256523852
-0.054495102
0.256523852
0.054495102
0.059197812
-0.012575793
-0.256523852
0.012575793
0.256523852
0.012575793
0.019732604
-0.012575793
-0.019732604
-0.004191931
-0.059197812
-0.004191931
0.059197812
0.012575793
-0.059197812
-0.012575793
-0.059197812
0.012575793
0.059197812
0.012575793
0.019732604
-0.012575793
-0.059197812
-0.004191931
0.059197812
0.012575793
-0.019732604
-0.012575793
-0.059197812
0.012575793
0.059197812
0.012575793
-0.019732604